0.0000 0.0000 0.0000 0.0000 0.0000 0.0000 0.0000 0.0000 0.0000 0.0000 0.0000 0.0000 0.0000 0.0000 0.0000 0.0000 0.0000 0.0000 0.0000 0.0000
0.0000 0.0000 0.0000 0.0000 0.0000 0.0000 0.0000 0.0000 0.0000 0.0000 0.0000 0.0000 0.0000 0.0000 0.0000 0.0000 0.0000 0.0000 0.0000 0.0000
0.0000 0.0000 0.0000 0.0000 0.0000 0.0000 0.0000 0.0000 0.0000 0.0000 0.0000 0.0000 0.0000 0.0000 0.0000 0.0000 0.0000 0.0000 0.0000 0.0000
0.0000 0.0000 0.0000 0.0000 0.0000 0.0000 0.0000 0.0000 0.0000 0.0000 0.0000 0.0000 0.0000 0.0000 0.0000 0.0000 0.0000 0.0000 0.0000 0.0000
0.0000 0.0000 0.0000 0.0000 0.0000 0.0000 0.0000 0.0000 0.0000 0.0000 0.0000 0.0000 0.0000 0.0000 0.0000 0.0000 0.0000 0.0000 0.0000 0.0000
-0.1678 -0.1405 0.3490 -0.2113 0.0528 0.0930 -0.1408 -0.0280 -0.2948 0.3597 -0.0834 0.1395 0.4550 0.1999 0.1053 0.3256 -0.3792 0.0250 -0.0443 0.0167
-0.3588 -0.2596 0.4158 -0.0294 -0.2926 0.0303 0.0055 0.0845 0.0039 -0.1158 -0.1539 -0.0086 0.2401 -0.0667 -0.4136 -0.2480 0.4491 0.0030 0.0465 -0.0259
-0.3359 -0.1899 0.3385 0.2611 -0.4123 -0.1308 -0.0134 -0.0693 0.2081 0.0136 0.1551 -0.0992 -0.4586 0.0579 0.3263 0.1085 -0.2494 -0.0592 -0.0341 0.0109
-0.1449 0.0278 -0.1354 0.4671 -0.1066 -0.1264 0.1194 -0.1357 -0.1975 -0.2999 0.3078 0.2476 0.4117 -0.3498 0.0349 -0.0115 -0.1957 0.2496 0.0387 0.0377
-0.1397 -0.0046 -0.2226 0.4042 -0.0202 0.1141 0.2631 -0.0876 -0.3273 -0.0469 -0.0382 -0.0531 -0.0692 0.6085 -0.2698 0.1720 0.0838 -0.2153 -0.1387 0.1165
-0.1483 -0.0920 -0.2585 0.1192 -0.1271 0.6330 0.1448 0.2396 0.1767 0.3387 0.0487 -0.2650 0.0413 -0.2275 -0.0950 0.0475 -0.1342 0.1009 0.2448 0.1480
-0.1582 -0.1456 -0.2414 -0.1827 -0.1227 0.4380 -0.1419 -0.2165 0.0386 0.0061 0.2066 0.4708 -0.0511 0.0368 0.2636 -0.0410 0.2968 -0.0186 -0.3661 -0.1575
-0.1918 -0.1914 -0.2261 -0.3492 -0.0758 0.0493 -0.1381 -0.2355 -0.4301 -0.3627 -0.0323 -0.3492 -0.1424 -0.0170 0.1058 0.1332 0.0055 0.1507 0.3753 -0.1350
-0.2788 -0.1263 -0.2956 -0.0982 0.0166 -0.3135 0.0354 0.0226 -0.1038 0.1607 -0.1833 -0.2316 0.1265 -0.2846 0.2442 -0.0362 0.1335 -0.2691 -0.3472 0.4650
-0.3116 0.0739 -0.3275 -0.0865 -0.0307 -0.2220 -0.5460 0.0713 0.3052 -0.0226 0.1040 0.0826 -0.0221 0.0983 -0.4776 0.1705 -0.2032 0.0669 -0.0589 0.0377
-0.2032 0.3053 -0.1954 0.1642 -0.1541 -0.0161 -0.0783 -0.0954 0.2271 0.0229 -0.4138 -0.1318 0.3347 0.1820 0.3007 -0.2235 -0.0506 -0.1466 0.1236 -0.4422
-0.1251 0.3738 -0.0539 -0.0079 -0.1938 -0.2534 0.0796 -0.0949 -0.1363 0.4859 0.0154 0.2140 -0.1387 -0.0060 0.0454 0.2041 0.4049 0.2962 0.3243 0.0630
-0.0746 0.3391 0.0037 -0.2298 -0.2608 0.0147 0.1096 0.2265 -0.2910 0.0057 0.2430 0.1388 -0.0792 -0.2138 -0.1468 -0.0582 -0.1787 -0.6186 0.0798 -0.1849
-0.0678 0.3197 0.0074 -0.2302 -0.2565 0.0662 0.1006 0.1766 -0.1923 -0.0620 -0.0636 -0.0587 -0.0971 0.1963 0.0005 -0.4452 -0.2578 0.4773 -0.3268 0.1819
-0.0972 0.3238 0.1028 -0.2346 -0.0740 0.0816 0.3434 0.0695 0.3052 -0.3664 -0.0150 -0.1284 0.1587 -0.0303 0.0408 0.5907 0.1197 0.0742 -0.2108 0.0125
-0.1511 0.3480 0.2287 -0.0605 0.2152 0.1870 -0.0607 -0.6529 0.1252 0.0347 0.2445 -0.2005 0.0487 -0.0045 -0.1004 -0.2126 -0.0218 -0.1453 0.0678 0.2968
-0.2377 0.2831 0.1874 0.2793 0.3155 0.2664 -0.3037 0.1472 -0.2304 -0.1596 -0.4197 0.1522 -0.2925 -0.2801 0.0400 0.1167 0.0283 0.0115 -0.0697 0.0536
-0.3630 0.0446 0.0527 -0.0175 0.4438 -0.0521 -0.0033 0.4621 0.0237 -0.0771 0.4372 -0.0596 0.0811 0.2706 0.2851 -0.1528 0.1767 0.0164 0.1812 0.0017
-0.3439 -0.1175 -0.0425 -0.0834 0.3779 -0.1312 0.4372 -0.1640 0.0149 0.2133 -0.0414 -0.0129 -0.1919 -0.1822 -0.2233 -0.0579 -0.1570 0.1448 -0.2033 -0.4726
-0.1589 -0.1274 -0.0903 -0.2032 0.0737 -0.0143 0.3121 -0.0449 0.2178 -0.1985 -0.3083 0.5126 -0.0781 0.1106 0.0358 -0.1064 -0.2131 -0.0969 0.3918 0.3466
0.0000 0.0000 0.0000 0.0000 0.0000 0.0000 0.0000 0.0000 0.0000 0.0000 0.0000 0.0000 0.0000 0.0000 0.0000 0.0000 0.0000 0.0000 0.0000 0.0000
0.0000 0.0000 0.0000 0.0000 0.0000 0.0000 0.0000 0.0000 0.0000 0.0000 0.0000 0.0000 0.0000 0.0000 0.0000 0.0000 0.0000 0.0000 0.0000 0.0000
0.0000 0.0000 0.0000 0.0000 0.0000 0.0000 0.0000 0.0000 0.0000 0.0000 0.0000 0.0000 0.0000 0.0000 0.0000 0.0000 0.0000 0.0000 0.0000 0.0000
