0.0000 0.0000 0.0000 0.0000 0.0000 0.0000 0.0000 0.0000 0.0000 0.0000 0.0000 0.0000 0.0000 0.0000 0.0000 0.0000 0.0000 0.0000 0.0000 0.0000
0.0000 0.0000 0.0000 0.0000 0.0000 0.0000 0.0000 0.0000 0.0000 0.0000 0.0000 0.0000 0.0000 0.0000 0.0000 0.0000 0.0000 0.0000 0.0000 0.0000
0.0000 0.0000 0.0000 0.0000 0.0000 0.0000 0.0000 0.0000 0.0000 0.0000 0.0000 0.0000 0.0000 0.0000 0.0000 0.0000 0.0000 0.0000 0.0000 0.0000
-0.0602 -0.0617 0.1603 0.1049 -0.2713 -0.0905 0.0014 -0.0549 0.2607 -0.1646 0.2075 -0.1438 -0.5762 -0.0895 0.3890 -0.2309 -0.2117 -0.2646 -0.0664 0.2198
-0.0940 -0.0994 0.2638 0.1131 -0.3674 -0.0832 -0.0330 -0.0567 0.0729 -0.1077 0.1357 0.0541 0.2410 -0.1183 -0.2075 -0.1363 -0.0644 0.4907 0.4182 0.4011
-0.0908 -0.0993 0.2669 0.0873 -0.3599 -0.0697 -0.0494 -0.0217 0.1461 -0.0320 0.0318 -0.0682 0.0040 0.0525 -0.2574 -0.2091 0.4614 -0.2423 0.1219 -0.5819
-0.0947 -0.1050 0.2886 0.0705 -0.3544 -0.0543 -0.0827 -0.0308 0.0368 0.1255 -0.0071 0.0125 0.2833 0.1970 -0.1359 0.3507 -0.4920 -0.1483 -0.4581 -0.0605
-0.1344 -0.0592 0.3379 0.1151 -0.1016 0.0904 -0.2736 0.3025 -0.2440 -0.0402 -0.2725 0.1889 -0.1453 -0.0986 0.3292 0.3320 0.4278 0.1344 -0.1506 0.1480
-0.2033 0.0058 0.4384 0.0353 0.3235 0.2580 -0.1999 -0.0382 -0.3410 0.2889 0.1451 -0.0767 0.1721 0.1359 0.1879 -0.3899 -0.1687 -0.1741 0.1775 -0.0136
-0.2259 0.0347 0.4229 -0.0220 0.4004 0.2515 0.2858 -0.2829 0.1990 -0.1898 0.0187 0.0309 -0.2384 -0.1919 -0.3525 0.1340 0.0432 0.1398 -0.2210 0.0048
-0.2187 -0.1094 0.1966 -0.1453 0.1708 -0.2688 0.5343 0.4475 0.2542 -0.0352 -0.0808 0.0907 0.1656 0.1885 0.2323 0.1123 -0.0566 -0.1063 0.2597 -0.0348
-0.2531 -0.1836 0.0096 -0.2763 0.0522 -0.4035 -0.0602 -0.0098 -0.3640 -0.0950 -0.0492 -0.6179 -0.1197 -0.1678 -0.0291 0.1038 -0.0929 0.2055 0.0018 -0.1603
-0.2671 -0.1893 -0.0763 -0.3467 0.0397 -0.2921 -0.1355 -0.1830 -0.0957 -0.2016 -0.2378 0.3411 0.0872 0.0799 -0.1844 -0.3021 0.1254 -0.3187 -0.1771 0.3427
-0.2949 -0.2108 -0.1473 -0.3286 -0.0617 0.1121 -0.1609 -0.1132 0.2552 0.2324 0.0077 0.3599 -0.0393 -0.2294 0.2821 -0.0940 -0.1654 0.3483 -0.0329 -0.3778
-0.3114 -0.2053 -0.2052 -0.2083 -0.1021 0.3250 -0.0453 0.0154 0.1809 0.4142 0.1472 -0.2584 -0.1097 0.1429 -0.1690 0.2968 0.2173 -0.1934 0.1748 0.3164
-0.3657 -0.1507 -0.2879 0.1723 -0.1086 0.3521 0.1359 -0.0336 -0.2950 -0.5675 0.2452 0.0767 0.0703 0.2336 0.1087 0.0817 -0.0513 -0.0009 0.0419 -0.1345
-0.3543 -0.0039 -0.2349 0.4422 -0.0262 0.1203 0.1284 0.3031 0.0722 0.1323 -0.3552 -0.1728 0.1179 -0.3696 -0.1279 -0.3208 -0.0813 -0.0371 -0.2019 0.0539
-0.3181 0.1282 -0.1148 0.4805 0.1148 -0.4098 0.0099 -0.3286 -0.0371 0.2855 -0.0549 0.1612 -0.2439 0.3613 0.0096 0.1068 0.0387 0.1545 0.0951 -0.0356
-0.2512 0.3810 -0.0519 0.0560 0.0960 -0.2426 -0.1660 -0.0473 0.0838 -0.0515 0.4547 0.0602 0.3125 -0.4650 0.1092 0.2403 0.1180 -0.2644 0.0165 0.0186
-0.2035 0.4731 -0.0170 -0.1809 0.0359 -0.0052 -0.2997 0.4129 0.2158 -0.1322 0.1569 -0.0936 -0.0928 0.3886 -0.1544 -0.1960 0.0067 0.2695 -0.2193 0.0058
-0.1421 0.4671 0.0327 -0.1526 -0.1660 0.1630 -0.1141 -0.1113 -0.0131 -0.1397 -0.5044 0.0237 -0.1295 -0.0636 -0.0556 0.1724 -0.2842 -0.2004 0.4485 -0.0863
-0.0851 0.3893 0.0365 -0.2233 -0.3324 0.0795 0.4670 -0.3051 -0.1405 0.1595 -0.0583 -0.1484 0.1790 0.0677 0.2952 -0.1474 0.2463 0.1270 -0.2477 0.0883
-0.0187 0.1213 0.0012 -0.1202 -0.1974 -0.0487 0.2724 0.3054 -0.4662 0.2464 0.2760 0.3601 -0.3546 -0.1752 -0.3189 -0.0316 -0.1203 -0.0524 0.0096 -0.0370
0.0000 0.0000 0.0000 0.0000 0.0000 0.0000 0.0000 0.0000 0.0000 0.0000 0.0000 0.0000 0.0000 0.0000 0.0000 0.0000 0.0000 0.0000 0.0000 0.0000
0.0000 0.0000 0.0000 0.0000 0.0000 0.0000 0.0000 0.0000 0.0000 0.0000 0.0000 0.0000 0.0000 0.0000 0.0000 0.0000 0.0000 0.0000 0.0000 0.0000
0.0000 0.0000 0.0000 0.0000 0.0000 0.0000 0.0000 0.0000 0.0000 0.0000 0.0000 0.0000 0.0000 0.0000 0.0000 0.0000 0.0000 0.0000 0.0000 0.0000
0.0000 0.0000 0.0000 0.0000 0.0000 0.0000 0.0000 0.0000 0.0000 0.0000 0.0000 0.0000 0.0000 0.0000 0.0000 0.0000 0.0000 0.0000 0.0000 0.0000
0.0000 0.0000 0.0000 0.0000 0.0000 0.0000 0.0000 0.0000 0.0000 0.0000 0.0000 0.0000 0.0000 0.0000 0.0000 0.0000 0.0000 0.0000 0.0000 0.0000
